# This file may be used to create an environment using:
# $ conda create --name <env> --file <this file>
# platform: win-64
# created-by: conda 24.11.3
altgraph=0.17.4=pypi_0
beautifulsoup4=4.12.3=py310haa95532_0
brotlicffi=1.0.9.2=py310h5da7b33_1
bs4=4.12.3=py39hd3eb1b0_0
bzip2=1.0.8=h2bbff1b_6
ca-certificates=2025.7.14=h4c7d964_0
certifi=2025.7.14=pyhd8ed1ab_0
cffi=1.17.1=py310h827c3e9_1
charset-normalizer=3.3.2=pyhd3eb1b0_0
contourpy=1.3.2=pypi_0
cryptography=45.0.3=py310h51e0144_0
cycler=0.12.1=pypi_0
dnspython=2.4.2=py310haa95532_0
expat=2.7.1=h8ddb27b_0
fonttools=4.58.5=pypi_0
idna=3.7=py310haa95532_0
kiwisolver=1.4.8=pypi_0
libffi=3.4.4=hd77b12b_1
motor=3.7.1=pypi_0
numpy=2.2.6=pypi_0
nvidia-ml-py=12.575.51=pypi_0
openssl=3.5.1=h725018a_0
packaging=25.0=pypi_0
pandas=2.3.1=pypi_0
pefile=2023.2.7=pypi_0
pillow=11.3.0=pypi_0
pip=25.1=pyhc872135_2
psutil=7.0.0=pypi_0
pycparser=2.21=pyhd3eb1b0_0
pyinstaller=6.14.2=pypi_0
pyinstaller-hooks-contrib=2025.5=pypi_0
pymongo=4.13.0=py310h827c3e9_0
pynvml=12.0.0=pypi_0
pyparsing=3.2.3=pypi_0
pysocks=1.7.1=py310haa95532_0
python=3.10.18=h981015d_0
python-dateutil=2.9.0.post0=pypi_0
pythonw=3.0.3=pypi_0
pytz=2025.2=pypi_0
pywin32-ctypes=0.2.3=pypi_0
requests=2.32.4=py310haa95532_0
rust=1.88.0=hf8d6059_0
rust-std-x86_64-pc-windows-msvc=1.88.0=h17fc481_0
setuptools=78.1.1=py310haa95532_0
six=1.17.0=pypi_0
soupsieve=2.5=py310haa95532_0
sqlite=3.45.3=h2bbff1b_0
tabulate=0.9.0=pypi_0
tk=8.6.14=h5e9d12e_1
tzdata=2025.2=pypi_0
ucrt=10.0.22621.0=h57928b3_1
urllib3=2.5.0=py310haa95532_0
vc=14.42=haa95532_5
vc14_runtime=14.44.35208=h818238b_26
vs2015_runtime=14.44.35208=h38c0c73_26
websockets=15.0.1=pypi_0
wheel=0.45.1=py310haa95532_0
win_inet_pton=1.1.0=py310haa95532_0
xz=5.6.4=h4754444_1
zlib=1.2.13=h8cc25b3_1
